100
80
30
1 4 8 1
2 4 7 0
3 7 5 0
4 4 3 0
5 9 2 1
6 5 6 0
7 5 4 0
8 9 9 0
9 8 2 0
10 8 4 0
11 6 1 0
12 1 5 0
13 3 9 0
14 7 2 1
15 7 9 1
16 1 5 1
17 9 4 0
18 1 5 0
19 1 1 0
20 8 2 0
21 4 8 1
22 4 7 0
23 7 5 0
24 4 3 0
25 9 2 1
26 5 6 0
27 5 4 0
28 9 9 0
29 8 2 0
30 8 4 0
31 6 1 0
32 1 5 0
33 3 9 0
34 7 2 1
35 7 9 1
36 1 5 1
37 9 4 0
38 1 5 0
39 1 1 0
40 8 2 0
41 4 8 1
42 4 7 0
43 7 5 0
44 4 3 0
45 9 2 1
46 5 6 0
47 5 4 0
48 9 9 0
49 8 2 0
50 8 4 0
51 6 1 0
52 1 5 0
53 3 9 0
54 7 2 1
55 7 9 1
56 1 5 1
57 9 4 0
58 1 5 0
59 1 1 0
60 8 2 0
61 4 8 1
62 4 7 0
63 7 5 0
64 4 3 0
65 9 2 1
66 5 6 0
67 5 4 0
68 9 9 0
69 8 2 0
70 8 4 0
71 6 1 0
72 1 5 0
73 3 9 0
74 7 2 1
75 7 9 1
76 1 5 1
77 9 4 0
78 1 5 0
79 1 1 0
80 8 2 0
81 4 8 1
82 4 7 0
83 7 5 0
84 4 3 0
85 9 2 1
86 5 6 0
87 5 4 0
88 9 9 0
89 8 2 0
90 8 4 0
91 6 1 0
92 1 5 0
93 3 9 0
94 7 2 1
95 7 9 1
96 1 5 1
97 9 4 0
98 1 5 0
99 1 1 0
100 8 2 0